12495
24056
9967
30949
25059
6648
10619
24799
8544
8834
13083
29064
8457
24542
21059
27030
9866
15254
23211
23792
2305
14306
28406
10177
10172
7012
19858
6091
15940
1301
25823
16383
14747
31872
29331
10826
29379
21038
12893
23473
29311
25697
24520
24224
8798
7173
3939
18303
3828
13795
8991
26503
8043
11288
8660
26171
21445
23255
5819
28469
777
27319
6493
11974
21292
7687
9084
30330
21277
32080
15246
4799
15903
13592
272
30188
2751
14598
5249
26121
8775
17727
22192
28411
19759
22149
17181
17978
31268
7894
18147
17924
30136
26244
16087
30310
3093
23588
9744
4527
19358
23710
3495
11556
23251
384
16827
23029
25973
27032
16312
21104
25835
28609
25049
1909
18405
17405
25580
8746
15679
6852
9558
19951
9768
26268
19542
24213
29571
20458
11918
9930
29325
24328
8895
4824
19649
3223
8148
23440
16121
11287
19746
25984
19413
25781
26606
8301
28000
11363
8751
31485
2545
31022
24214
16051
12368
7372
28108
26656
24346
32373
12539
20312
23399
9973
17807
13476
23209
21246
7742
1398
984
32706
11589
28066
3020
9665
1013
2250
28906
5600
2927
18458
6658
11452
15020
24630
23672
20541
28096
21361
11682
27502
16991
27712
882
23692
7584
15342
10325
2397
16129
29073
1626
3522
1195
7484
11671
14480
17656
13174
6601
19100
24883
31546
11285
30111
7778
1768
3095
19130
17647
4579
7804
27586
618
31735
27638
1657
13855
11659
26715
30758
24007
11465
17215
11228
2744
3583
9928
11774
14168
17221
22718
6403
4311
3937
29154
16247
2334
8167
8065
14146
17666
4773
9032
10797
15038
27197
1370
4002
5280
13844
11424
13235
11266
29035
20832
12127
12412
24012
32274
13840
23720
4719
23655
28486
3134
31946
15420
21585
11198
7587
6625
16402
2735
2426
28327
25124
1934
7393
31908
11480
25016
5845
20403
25129
25226
11598
20411
27890
8646
20501
18485
23134
26936
3542
2280
1952
31642
20342
1015
22501
17078
23974
3358
1671
10442
25785
7737
27012
8496
27314
17670
14382
9278
27554
7723
10788
8812
4145
379
640
12980
12922
17269
23378
63
9500
12301
17742
15165
28813
8880
4033
4373
31410
24450
19658
28606
19629
4586
26054
6252
27383
5200
21516
17776
29614
25893
20955
26457
30512
27940
6032
15712
16104
31448
31004
19715
30312
5983
30646
31983
27320
6253
7117
22307
21486
5012
11073
13907
23807
5826
4050
24021
18955
473
24852
31650
24232
19254
31643
9075
28480
13961
17040
4872
13671
32421
3789
25571
14437
21057
18040
19615
22840
16369
26922
3203
24540
7765
10064
13655
28105
17552
2258
18294
31166
9980
26355
21541
14525
11293
15737
6691
6230
19923
5901
20610
11817
6372
5044
16551
27735
29087
10473
19736
25621
12144
2969
12002
1646
16767
31068
19464
1257
10380
28674
27377
3295
6869
20960
5483
11896
7994
9320
11503
12246
25503
7421
5159
8335
21138
28677
4525
16737
11309
5695
20502
5153
9790
31830
7983
10229
22438
20663
23174
30147
29439
25504
6444
24809
5250
19834
2746
12335
10023
20329
9618
4857
9485
8737
2663
1730
14109
9979
16640
12485
30699
12104
12856
32765
24028
19941
842
11088
4238
26384
13899
24584
11636
29305
13304
13442
16321
9116
8882
13098
28552
27727
11975
4519
11297
3479
10227
26706
21966
10944
6183
32237
10910
4781
14216
31634
31378
13164
25019
7401
26367
27661
28768
12446
12595
12469
7900
32018
23643
13550
23388
23889
9893
4161
10519
10821
7585
4359
30675
17449
20973
12668
5290
20543
28177
25365
6158
32454
13480
9236
29963
27943
10689
4953
3532
30831
27524
30331
29025
5121
32281
26135
9919
30861
3781
5224
10504
16188
29270
25112
30989
15661
25282
13654
26642
13093
16395
18217
32721
9602
22629
23300
11201
28785
5274
1943
27745
23983
24563
30477
14008
3265
8128
27363
29380
32305
5612
30500
5876
30472
14963
7851
6728
21396
29815
30693
5638
29267
27025
3801
12207
17939
22373
10341
24369
21334
11129
19146
25950
7419
19783
12139
1693
17435
20112
465
24031
24370
30196
4083
23509
19583
22464
20404
18017
941
28935
23982
19530
10930
30964
22830
307
29176
23646
31674
6045
14444
24653
21170
25244
19968
2329
13297
25392
14736
28615
12302
22952
9212
7240
26498
31654
26417
20575
26195
28973
26354
3416
25328
10234
26329
8696
25692
28952
408
21680
5007
7343
9605
32277
15386
2077
14934
10133
16393
21063
21544
610
781
10801
6087
19123
4315
27597
13353
27436
719
32529
5435
29850
26837
11596
13281
15844
14729
24762
10039
16447
3485
598
23326
928
10875
27119
4084
12151
8236
5246
1954
5018
32377
5303
988
15743
25936
29150
31140
28079
29801
26844
7696
375
24104
17298
12366
9441
14957
9445
24803
12460
5179
5693
22997
799
30781
21032
24610
9853
32261
17750
23704
2657
13508
12053
21930
23425
28331
21200
27240
16566
27386
5975
14515
10611
16424
19158
24922
20825
8489
25348
6019
8709
2029
3484
16205
26413
26921
9489
24499
2283
21849
23934
27572
16472
11014
15835
9904
31325
14711
10262
23750
6528
32162
16956
8600
15224
18346
20622
15525
30347
22282
12523
32605
21811
20445
27724
12007
10192
8601
21159
16497
8103
17913
3603
12228
6954
27707
28972
9243
1914
25740
1209
22325
31530
24513
6284
29353
28230
22343
23466
22394
13203
12637
16300
1003
5913
30080
11109
2964
17887
9511
16581
21942
25334
3249
14845
5580
28088
8348
8676
12898
23890
15095
27546
3626
5504
19738
11627
26445
6296
22932
758
16639
6858
19045
23182
2902
23206
30574
12768
32092
25310
28965
1494
21859
6478
25485
31164
29592
16185
9574
31138
731
18134
18336
23553
9166
8715
14614
18081
20012
28280
21113
23225
23645
8887
24202
27737
30023
8418
18693
18534
21078
11002
20898
20511
12471
8309
27543
3665
24629
10496
3372
30510
16141
14704
26933
32329
3666
31517
32245
31215
6125
27102
2877
20667
30179
3637
13268
9573
24278
10182
19995
29915
7119
23566
10225
23187
2874
15697
16853
28447
21810
15828
17738
29954
13567
25421
14976
18370
31709
20120
16688
16702
12543
27563
20680
2370
29396
17352
857
32137
31746
12908
20194
31439
29129
24715
3430
32478
22537
17087
25385
22202
23113
24262
26111
2997
15392
2856
28257
16437
21229
21018
32448
18871
18376
31651
13593
11284
13753
765
31434
23043
30759
31550
26276
24288
15763
10040
1345
21932
12934
18589
31640
20820
22727
27239
14286
6710
24274
10870
9296
25825
2950
18043
4382
26140
4638
28694
18282
26667
25186
11323
31585
17741
18718
16858
4169
27529
29908
31679
25292
19882
12974
16823
3475
25993
19700
23575
11146
2633
31666
24500
10089
24521
2075
23296
32311
659
9832
30554
8607
5169
20042
30918
1134
16336
13192
25592
30803
12532
12777
19118
6370
25194
12372
12867
26591
22911
16182
18561
32442
8559
30244
23224
31062
6944
21698
17164
32270
29968
10979
16403
1786
24460
19441
27296
20590
20772
4496
15833
4292
28507
29054
26000
23900
28579
10941
18128
24800
1160
19957
30389
18125
11051
9492
4993
47
15927
13293
17836
27006
7629
24765
31427
15581
23545
19607
22102
5633
12601
15893
29798
4465
13894
24601
13599
11327
23355
3348
25402
23032
25691
10955
21092
10185
19514
5500
26791
10819
7241
10518
963
13167
23679
4995
2187
2347
7764
14125
19281
31692
18644
5825
23711
20488
27378
11827
3624
20
2078
23810
6153
4890
17853
26116
12684
2825
18118
1447
21166
28361
28758
3017
13329
31362
7105
766
12877
25471
2043
20987
28305
1597
8027
31307
25230
15042
19104
12100
27536
17200
30002
22842
4334
2202
9898
22770
2469
6678
21907
8025
17728
8724
22386
28022
31739
17902
4613
20638
2599
9152
20937
6864
25209
27070
30687
26014
2098
110
19837
1017
11820
14679
8560
20100
20634
16918
2908
1930
14190
29991
25536
12499
3701
14516
31604
3562
10456
31187
27325
4510
2813
9681
3503
1394
18113
9473
4074
14758
19129
17301
4082
5241
24254
31319
29312
14997
23640
9720
9613
5596
10872
6573
14692
8554
14021
18112
27397
13607
18465
14466
18651
31752
13821
15451
16511
4753
21584
11490
14510
18418
26784
10197
8299
1589
20388
1696
23747
2630
20071
18101
20398
24395
28745
32640
17975
9267
1607
29852
4572
20370
11133
6215
20792
26028
29417
4627
11231
21711
8818
7647
1418
27623
7977
22278
27764
8012
28366
17366
18179
4062
29334
13636
2132
16171
20189
22032
25809
13813
19200
12394
6328
17304
20299
8238
18114
26558
25939
12011
8014
27158
27544
24689
30968
24733
4792
2873
22380
27420
15074
4097
21629
18417
17806
13495
8049
9747
9880
1695
22609
1689
26521
16189
19930
4377
24435
29698
14210
25961
25923
2037
5037
12365
2434
25938
32131
19518
13996
30469
14921
18433
11003
26009
13130
6408
25873
3097
11462
9187
9168
25137
25286
2892
15001
31496
13286
11071
28167
16162
937
16898
2270
32133
5903
10851
15678
6170
8042
2881
9757
20311
26477
8269
31988
28955
22150
18
22455
28377
15982
819
779
7929
9982
19636
11643
3140
21756
21068
32734
17110
8794
10299
4160
1989
27875
966
30359
6440
7195
62
17935
12894
14047
1283
8141
14137
4933
19233
26301
5322
26803
28858
13194
26588
27728
29609
29876
27842
4536
16228
21730
7251
17396
21031
23417
6706
10921
15695
31597
22611
20367
1284
1112
5050
14373
8986
10697
3718
18340
5342
11055
32049
32316
13333
19724
25174
15711
8728
15795
5750
14837
24049
23938
6001
3633
4344
23446
7010
27887
5231
3563
17455
8488
4896
18944
18618
17769
19690
19691
16967
22597
29066
7087
25681
31340
22662
19365
15858
26682
31049
24729
16245
17483
7736
12566
18615
14994
32378
23368
11388
7801
612
10485
8624
3696
16377
4913
13444
18507
2979
21442
23136
10561
21852
1028
10132
5366
20617
11989
18520
7603
11438
20742
13521
2277
30843
26551
1878
18089
30442
32299
14408
4736
16796
13487
27952
5555
20612
17336
32023
24117
150
16374
26432
30287
23243
22287
2315
21232
6436
20625
27417
31812
31981
6956
27057
9351
23103
14878
15459
8476
31944
9966
8427
31193
18894
31581
11608
678
17266
30618
3437
13126
20786
14517
12103
12660
29106
13142
9024
16690
14780
18095
13076
3934
17541
31663
29762
2694
31026
17528
22965
15869
18842
20500
2212
25390
20046
18019
29879
7473
25559
88
1899
4764
11582
4197
22199
22940
8146
12084
12016
27204
31781
24728
29674
2852
22616
25795
7520
27678
8088
18873
21141
25461
10985
12549
26940
295
22306
7594
19349
27773
15417
24156
2522
16352
27073
26608
6873
22254
19633
13330
4066
17101
8807
30774
16355
22719
7405
18641
11730
3831
7290
11851
7084
8764
25896
4219
2667
24660
11545
20028
15281
2851
30221
1921
697
20420
1085
19701
5081
3926
32223
17270
25227
15689
9559
10956
32319
16993
15546
13023
13453
2079
13513
25883
8232
14755
23020
17559
11507
6646
17178
4051
18218
9936
7246
20020
21075
17842
17618
29290
1199
26855
26264
15405
9826
25107
20094
16246
17167
6608
27632
3929
16628
23822
10409
3597
19830
10224
22542
11265
23156
2728
22550
25499
103
21181
9274
23412
25378
29364
1050
13255
19606
20567
18808
17436
2186
10975
3830
29597
31828
16857
1856
5719
10142
25303
9200
2189
8810
32613
9135
5202
15444
24382
19357
21847
8471
17088
20468
3841
9811
2462
12264
10430
9870
12757
2257
17562
3448
17121
9355
9229
31091
31024
18205
20247
5714
17879
32666
12687
5473
30340
69
8889
26278
6579
16888
2838
5991
29477
30407
7296
31213
5262
4064
20598
31367
28303
23221
8372
17873
28131
31070
11782
9269
30941
14904
18783
11955
24850
4819
4901
16606
7507
16907
9424
19495
23924
30899
28766
23764
19964
1049
32118
21742
32715
14228
17033
18798
22930
20021
28465
931
19400
24537
10069
10824
9058
22760
30649
32072
32192
25438
28197
2265
32214
11525
7350
7898
2550
1144
28709
12145
28355
27804
25943
29507
13405
30433
2700
14297
18742
4804
8410
19272
20257
30361
29146
19217
16044
1415
11681
23110
22228
25841
750
32294
16994
29617
18091
13884
5754
28571
8858
2729
23241
2683
14909
17576
15618
7954
8636
16545
19193
9164
27372
13614
31286
30630
12781
25283
2800
5451
5321
1295
18603
24188
24908
18094
14005
21782
28421
16568
12558
9198
25367
29679
21855
14425
28666
25195
28736
16654
9391
26846
15248
24685
27370
12385
165
32655
32416
27954
153
441
587
4847
3940
7830
30378
32160
13540
1684
22331
13677
11831
16346
14905
11618
30957
30891
7682
7479
31518
4934
10216
15013
6321
25396
8038
31373
20756
4090
23685
10531
696
29976
10319
28448
26067
391
8950
17720
24119
6551
843
9703
17757
7626
18953
22247
9450
8379
28845
6101
31192
14350
20639
19844
633
8797
345
30615
11704
2421
25036
9295
4003
13507
20735
22177
32550
23034
4748
16665
10837
22242
25726
20788
20325
29188
13315
11299
5721
31018
24783
23622
27295
13699
19066
25693
23522
2141
7411
3853
6157
14552
24257
2389
21794
28114
21353
7741
5520
16197
13896
19273
23263
19006
17385
22784
18209
6530
7494
28081
17402
6767
15190
6977
25932
29874
15646
625
3942
26544
24453
15198
19832
5925
10083
10062
27722
2826
29147
4009
11566
24299
9524
7004
19009
15080
7324
6513
18000
31241
657
17877
19876
18646
18708
13774
7794
15670
29812
6815
12170
25458
5363
26930
218
20647
24870
9063
26393
2960
25274
5630
32409
30598
1714
29892
31614
18799
31345
4956
3955
9882
24341
6975
22427
10986
18183
25346
26314
6711
12752
19160
16625
31279
16983
21736
18438
23423
23863
6
27358
3832
6519
26502
32484
5531
22190
28866
977
31540
17927
19078
26194
20102
31947
16901
4752
12428
1452
8003
21775
932
16618
17213
3652
30174
26864
17994
11767
19826
10857
25727
3127
18466
15489
17684
28823
10008
26039
4960
24067
4787
18570
13889
24211
29613
8931
16289
18547
13902
8261
23681
32557
12659
1241
6577
1279
196
25299
20799
18979
19758
3163
9865
4844
16529
4587
14066
17616
28354
16652
12249
27871
10807
8927
15624
24476
27749
20841
1392
18462
10885
27789
15917
18396
7698
13526
2756
18169
29264
17045
17491
27426
10125
247
9510
21001
16130
7519
18266
26872
3328
5873
24111
4267
13826
20298
26751
10981
16909
2104
24256
15421
11257
474
6120
14813
12235
6515
10088
1178
1288
5345
26207
4474
2393
28251
28903
20026
23115
4400
17832
7543
29783
4742
24848
12079
3277
31851
13018
25509
26925
5191
5525
10441
7509
12831
27730
13873
2207
29928
27200
27857
18884
8102
18367
17002
26873
9034
21837
7056
30286
22066
15391
14266
16947
23200
6849
27472
32570
18795
21758
16389
12574
29940
6911
28519
3333
22620
27575
12034
1780
5758
27376
18654
12277
32763
10292
11800
2674
11848
20297
24874
15754
24657
18038
1550
13437
19093
24065
12627
8849
4460
12423
13791
19665
17839
4330
27752
29842
21912
10662
23817
13669
4404
22992
3031
10316
19842
4994
28868
13288
4897
7358
6571
29381
24648
13305
4135
12811
13448
4670
12422
15012
3035
11825
5933
30321
11113
28647
9515
13913
1102
6301
6425
30620
13213
21162
4964
17317
32178
3343
3230
4723
2845
28679
32455
13703
31370
26617
19559
31177
22546
26265
26832
6906
21374
4253
27178
7156
14261
19397
10634
4745
8212
28554
25558
15895
11348
17234
3883
5978
8460
11493
8059
4740
29047
8996
32379
18320
5752
14585
15036
29907
22235
21642
12823
4052
25822
26290
15183
22621
29936
14001
4850
8658
12728
5666
3968
12633
4398
31420
20469
28416
24238
28260
4976
10953
31173
31862
11044
10701
16617
26815
30316
6092
1703
27281
28940
15330
8637
14727
200
32537
18463
8338
15962
27274
9358
3389
22448
20677
27243
25172
9843
23502
32520
12844
30163
30509
2147
23521
14132
8773
11943
4789
13597
9003
29243
14083
13681
27590
6312
1051
16699
4770
11911
27454
468
5844
15307
30738
32713
13222
20630
9311
27813
16031
10049
29916
19445
17315
21724
17170
21043
15473
2048
21227
17430
10947
30818
14852
10059
29661
14271
1090
27331
20819
5339
21580
26834
8161
5434
15439
28069
29204
14055
24510
30262
23304
25175
20293
9100
28655
23248
26366
25908
9927
30
25046
23465
6318
3028
30390
24644
32622
16163
22107
17371
32593
8701
31451
29411
20879
20375
9210
8618
18182
3808
5620
4479
25302
31571
5656
20477
32
8433
2760
2196
15532
14748
21007
2594
4123
25444
14673
11070
23051
24793
28671
77
23759
2811
12691
30182
24137
31117
19283
19246
15881
22626
4620
20744
21126
24700
16887
29536
13770
8712
23693
10318
28
1190
25002
11546
30383
11126
22783
11125
9938
4270
25268
4997
19289
18487
6908
25407
12978
19927
6491
29611
13078
15093
32102
25240
15720
7668
14538
17550
5984
23487
14991
13060
232
20389
24478
2771
18630
7528
19585
28395
5244
27024
5227
25412
24428
27653
20856
5144
30016
4317
4661
7504
7027
16483
26172
24230
32697
25848
25990
30184
26063
28007
24937
29428
22049
20584
31228
15511
13249
15586
10515
13948
6688
28494
31779
19067
29470
10147
635
15787
18983
18173
5195
8420
7618
32412
22367
5648
3647
7005
7091
18832
400
27196
15843
6875
14682
17943
3555
14440
3916
12981
3568
13007
19376
10502
7622
19243
19007
30892
26132
194
24890
25275
6189
8680
16054
20925
22016
25632
12344
21242
22090
18309
2177
13558
6410
18792
6059
28474
16438
10811
26997
14167
24748
19117
15836
26409
24427
25623
28651
6233
12035
8215
16083
6437
330
21370
7780
16721
24672
27361
22212
922
31824
17239
4439
5399
31054
5367
25856
22534
12548
15756
2144
29132
17982
2937
22024
16840
3505
26672
6898
1307
9156
17162
31588
14338
7482
7959
8547
7493
4608
26777
5735
12063
15344
30149
14298
12688
6272
27558
3521
31352
2607
11433
5837
20568
13766
8574
21436
16515
6714
28703
13165
12713
26721
4515
18575
31461
20741
28654
13640
11559
9007
9851
16862
12902
8040
18563
14590
12184
4440
609
30619
23902
16495
27673
29878
22914
2789
1113
10327
8127
4628
26972
28892
10695
27252
6414
25232
20619
1993
31857
13695
21174
16959
17801
9338
19431
22710
27792
14143
8137
21114
13769
9496
524
15932
21877
7578
2090
31278
24314
20546
27859
6037
24797
1931
11871
16890
9434
16725
516
3397
5253
4335
32159
2165
20785
26485
3761
26772
785
13916
25256
24554
9117
8267
9313
30066
18231
11308
13034
28810
10767
11908
13708
11502
1092
12553
27367
26956
16464
546
28608
13973
30775
24924
2682
21868
1507
21508
20673
21535
11889
10270
6750
22520
2953
28525
15591
18997
23943
23698
13411
28233
25192
31626
6676
21265
13050
22670
9752
6167
12790
21943
5002
10042
27486
11594
22697
28304
25217
11440
18255
2652
19754
21204
16838
30349
3863
11725
12764
31111
2476
15293
30266
11302
5097
21241
14833
17152
11930
21866
27222
31979
18637
13107
16144
23232
10377
147
2159
1118
19389
8973
14336
32497
21879
22983
22366
6260
23382
9521
24906
11380
10050
20966
12542
9751
16730
10967
22062
5798
2226
23975
6896
15222
9060
19215
16860
12148
24158
24959
949
18616
11117
4095
6214
32532
16986
6823
20437
18619
23719
3390
15830
3748
14189
25253
19121
1568
9995
211
31747
4695
2899
15588
8533
23686
13721
32220
4170
9804
3990
22586
7540
138
4363
18744
14481
25626
28979
25983
5574
15209
17325
16643
13772
17283
32471
25953
22114
2804
31376
14432
1683
6222
29086
31595
17340
1228
20990
24053
7023
4556
11434
20254
1995
21013
22774
2827
30929
23258
19551
9185
92
19547
25787
1136
4358
30102
160
28227
3648
29706
12317
14211
8866
192
8217
20607
3724
854
531
28861
7569
16466
24905
5091
26627
25224
7744
31092
19505
14497
20558
4476
6082
16436
2815
15464
6206
1082
15642
5329
16323
4413
5452
6376
13737
9174
6765
2049
3612
11104
16152
24154
23178
9629
1323
32306
13172
15450
19092
3135
32170
21464
26671
25591
3558
8503
14615
11377
20513
8140
9416
3401
13077
4790
29690
13864
19036
6006
1334
9795
2020
18840
29159
3364
10653
18838
2484
10413
11001
17498
28037
10244
15814
26375
14943
12913
6813
15585
8683
15040
22038
22918
31251
22085
3281
14770
27568
27969
7582
14924
13347
2919
23024
18759
14307
32719
3739
17453
15235
32437
6933
17777
15641
21081
15521
20813
25528
20435
16481
13128
9037
30151
23349
21346
10030
23486
16229
7383
1534
13830
21411
24863
30568
25410
4801
28043
6667
18039
29643
27751
12733
366
27570
12242
32663
16953
4659
4497
24769
31175
4006
3370
8111
28540
27958
30166
15098
24879
5533
11103
6248
12306
20407
29708
6065
27525
8625
24677
24080
13619
2949
4610
28894
4415
32112
1100
13089
11101
1959
27195
18645
5109
20474
3375
25968
16892
32158
4955
748
16850
15487
17862
8124
19307
2775
30613
6404
942
1280
29961
27930
9095
3284
12775
19375
19447
27778
12
28962
14641
29630
7637
7307
19179
7155
16727
16612
1919
26267
26735
7595
17729
21070
11200
26353
11427
23537
21034
2748
21915
22445
15986
7231
5607
10841
18120
10129
198
31721
18923
26257
28112
11504
27018
26338
30640
30131
1721
17241
4319
12876
16308
21343
29162
8727
25813
32439
14058
14395
17472
1846
1141
2245
499
10834
14131
19010
16624
30348
19765
21875
32764
16069
28336
25547
22743
5069
3848
17048
21363
2975
10897
8268
3227
20377
23948
8928
25827
2669
577
5277
5747
20929
2001
7134
29629
26070
19308
28796
16387
5299
3717
13403
22571
32566
6996
31015
22357
27465
9127
24267
32215
30652
27553
30507
15120
10052
18767
13306
7363
4036
6143
27849
25001
13887
10331
22775
23172
5101
1268
5063
21638
20945
17866
26373
2512
21548
19026
24544
4131
25030
26118
19581
25441
5135
25958
15596
12969
32692
25661
4187
2244
19312
22821
25225
21440
10533
31309
28030
4058
25899
24442
13178
6562
32743
1356
27481
1440
5571
14370
18846
6287
6657
8584
24885
31058
10509
10392
26985
2082
23945
8914
2408
11142
26282
30004
23656
13895
25188
14414
20868
30709
9623
5189
4653
26763
11099
11939
10583
18011
18229
28714
18093
4907
12559
13051
10594
25820
23760
8826
730
24526
22567
25901
12506
14022
26262
23837
18323
15936
30159
30664
18951
32060
2306
27130
21606
3608
21329
21801
8652
7833
20133
13468
8953
20940
16768
18444
5341
10432
27396
9120
2821
4486
12137
30972
19521
13666
14431
32441
24170
1290
26176
4305
10152
24421
980
6917
11226
32087
21612
27774
13892
9523
11542
11017
30028
31586
26352
25992
13800
28804
19687
9412
24845
32712
2884
19060
24038
3770
24623
4018
26234
18348
3977
10362
1918
15004
1974
10295
15794
11514
20972
17643
22491
26351
32506
20529
5368
20494
10880
16444
30528
29503
16143
29546
18790
32507
17804
21019
2332
5567
17365
17091
23254
698
27344
9929
12992
16996
24402
12710
22848
30942
16435
19285
30776
4607
24886
10161
10860
5030
3175
10946
1033
12448
16710
11764
1819
11880
27689
29722
3085
28116
31980
25866
5810
1318
11064
24676
22211
32629
6685
9049
30140
1851
32758
26401
20561
31788
28612
26415
9672
10269
4053
8373
6504
25353
2533
27972
30003
25104
30735
23913
7477
28296
21720
11714
28514
13719
12586
4914
15010
26511
19713
5678
21391
98
31731
22117
12608
13685
25790
29419
13970
15430
10144
25826
4379
31390
25854
7384
3402
15650
3713
2660
20134
588
11656
17146
16422
18246
20589
18970
12724
23818
27771
28475
3279
18122
5158
12379
30517
31331
1779
5421
24466
31462
17426
14088
21222
16507
5605
22040
17242
25718
12074
19171
12905
315
9287
28042
6079
28561
27509
6572
26004
2471
9147
10631
10041
8021
18461
11360
28144
32675
8977
23589
1
15247
5682
32266
1547
2616
23569
29335
21830
6952
7589
32754
10540
21704
21768
8253
6960
4950
13267
11197
6985
23673
26719
6521
32314
15914
11780
16663
13226
7548
9733
11850
24162
3649
4059
1060
13668
27304
1530
12773
17459
23561
13684
24287
14406
1806
13806
4884
19452
18219
24350
18739
18908
11753
7510
25889
10360
14203
17359
25964
5305
21142
23844
15031
3387
27434
19288
3466
27828
13351
27756
7123
11151
24102
4013
4899
9423
12049
22570
13363
19791
8389
5809
15860
24392
24424
30303
24674
30422
21109
19798
13158
15694
27324
17074
5371
24273
4523
4287
12945
32289
7627
14185
16814
6836
13043
11227
7431
8519
2796
12734
32053
22906
19807
18820
14280
18006
19019
15490
1231
17280
9042
18459
1329
8978
17892
23104
14052
5248
7942
23441
32522
258
3812
24332
8605
8064
30974
18239
4031
4651
22037
31705
29774
31889
12562
1319
26572
24463
15479
5834
25758
5351
26157
32169
7328
7563
4407
15663
5414
22716
6334
12509
14013
30292
20510
5247
16333
19329
23231
17514
30183
17123
31180
18749
5858
15141
28344
23321
2070
21620
14412
10520
23592
25419
31044
12476
2173
11250
4566
15888
29604
26701
15761
2491
20552
3762
9142
8336
12353
162
6803
20274
32500
18434
24650
8241
19055
20691
20480
30300
18129
15684
19236
5067
20787
18512
13483
7024
16594
27662
24290
5304
17523
3324
2526
14002
4346
9906
28276
24121
6974
23270
9403
9734
23093
22564
1745
22928
31854
23603
22196
243
16230
27946
1652
30985
13148
9693
8925
6927
9884
20822
7481
30921
32285
25865
20159
7862
20292
27449
18412
13263
29040
1120
805
15086
2295
18843
20933
31134
18077
14191
11577
17420
25648
11873
1700
27391
18527
31016
15175
770
889
13643
6053
5335
19818
31848
27066
25999
12380
2611
21339
9438
25949
18448
18839
17809
6055
14404
5887
21604
8275
15172
16806
28302
5786
1374
27340
12800
19990
23781
17122
23832
1635
19825
28521
9289
29887
14287
3130
17754
2371
30810
8339
5534
17098
22031
19662
17428
18754
17985
1497
20167
6801
19044
11401
28595
28183
19761
19267
16474
3810
26321
28070
25008
3750
17524
9512
5151
3506
8321
12462
4302
16164
1519
2083
32089
25330
22436
27015
680
11995
22633
6736
27599
29317
26693
18041
19302
20916
25725
16681
30870
32654
21275
11206
20599
27698
15880
21027
20204
27508
25251
18030
28664
8651
14697
509
32105
6292
30563
1115
20425
2863
25053
23905
23965
28740
31535
23293
7767
16041
9855
15562
22519
22002
28774
18296
11711
9809
12436
4947
3636
32040
30388
18244
2862
18356
15696
6441
6151
25857
3778
12706
12807
32302
16406
9921
30792
4878
22656
29726
9324
12897
2792
13665
20281
21908
10186
7816
23199
19476
12920
2871
26790
14085
32466
6624
4040
6076
26853
30636
8254
21700
26030
8409
29445
4602
27685
4658
13642
13170
19739
9327
20343
8580
16223
16758
8485
9582
28419
3494
909
8345
12445
24772
27945
12178
19256
31123
11474
20885
31609
31287
6086
18474
11979
24599
26320
14153
14942
11347
6855
8356
205
6851
11906
23439
13303
711
27188
25731
7998
32711
17136
18007
10349
1294
11024
22217
17937
32208
28410
5817
26694
27128
12723
8558
25368
26104
22131
26528
9354
20065
10537
21779
3331
8415
9783
14237
12944
14838
27125
14993
19815
21395
24310
5448
4688
32496
727
31486
25168
32032
26152
32495
7532
11783
2671
4921
1226
6782
12190
27962
32354
27169
16726
19292
32398
23707
26109
8960
16513
12050
19
8481
18684
16532
6176
19188
26813
1154
18948
1664
25524
10001
21312
5709
14092
5388
135
6929
11317
12149
14049
3460
8596
16748
8703
871
19321
3409
7371
17861
338
13613
2116
7289
27423
590
1161
29424
8998
20530
14896
8168
7847
20968
11289
31315
3887
20526
21483
25657
20905
7036
9
25345
17454
3735
253
8861
19002
22971
29884
7948
2136
17706
20544
10063
16992
13536
25842
1529
30558
11565
6004
30836
8796
31096
15868
18714
15157
4656
3656
7367
25452
5260
6910
3352
11500
6070
12919
25350
22607
1863
6094
24141
8095
8749
26496
15553
925
13538
16440
12019
9719
22273
8856
226
19268
11428
31536
4581
4585
9183
23721
14392
24054
9454
17179
31809
3835
28862
16467
30535
25904
31798
2005
23062
3684
4345
2222
18787
30612
24546
5629
9994
6259
23159
1501
21190
21615
21817
17591
22300
6654
19733
17103
28178
20163
30222
8635
29880
2472
12629
5701
25914
2554
1553
13626
22053
24101
25616
7679
23761
27539
32673
31917
30165
9636
8000
5801
4908
2587
25047
24378
27328
18639
18858
24368
23244
26144
29082
3838
24264
311
1910
837
7845
12494
23396
20130
6486
5024
32387
13771
22671
17693
13518
27098
4557
2659
15592
22678
19306
15174
1246
17922
11390
12352
8328
14714
23539
27787
5824
26644
22674
26841
9519
12636
28468
23746
29765
19689
26218
27853
26974
27437
19242
22311
23234
5863
5259
12443
29225
2404
7903
18587
22987
21567
409
6211
17348
2613
21945
4597
22368
19511
26136
18386
23956
1131
19650
7573
19524
16560
30261
8377
30119
6237
1433
12090
29513
18035
1039
12692
22652
25035
26250
11312
10766
15050
7619
30655
14759
17995
8456
16009
3534
21970
5309
28969
21417
23993
22666
14592
29250
652
32623
6580
2443
27072
14051
20328
27261
32254
7464
6071
26874
24693
28520
31956
5749
23812
236
3248
19419
19492
10534
3166
46
5498
26055
29285
2223
11105
25806
7530
10391
32000
7979
5868
8078
21988
8802
3541
14952
737
11791
4391
8871
17341
23688
2289
7130
14305
19965
5652
4202
26870
9823
32749
18711
2699
21515
24552
3434
13061
4988
11058
29164
2208
1680
32391
22905
30607
24148
17630
4929
710
16921
16550
7395
6197
28434
21286
5893
26134
7429
28482
10527
9577
29499
32048
8536
31938
13779
5408
21102
22745
23235
25839
26722
17175
25341
5545
7995
21430
7941
17250
19148
25658
8542
17495
10283
17064
23735
24483
31365
14880
6397
30734
10708
8647
25483
27921
16632
7433
17908
1678
31394
23036
18623
5490
31637
24295
17517
24126
14178
2342
23600
4384
23578
8699
28510
12243
23651
7257
27013
27864
13713
23324
7606
22692
2650
20158
17212
19884
17870
8899
28627
11370
8384
17691
5350
27677
23329
5832
24485
22846
9111
26124
9563
20952
20949
13171
21514
9055
23998
17014
29185
16056
10552
4025
25191
12094
13250
15567
25607
20135
27618
7784
24951
29142
26951
10683
21175
15529
16479
26840
22622
29231
16897
14182
12954
7962
6163
7609
4754
23427
13537
8129
12536
16512
24147
7628
9565
13415
8395
1925
9814
3289
16074
20860
9411
25608
10588
1184
4870
24948
15041
3268
14827
21012
20271
22991
31754
6789
14443
29131
26336
21685
15441
19892
17890
30418
26631
22283
5635
31041
25222
21357
2436
24590
30834
2028
2430
4442
3436
7318
9771
24736
30295
17885
17787
23421
31890
19189
31254
20549
9590
8772
749
15206
9103
29386
31729
11675
2193
3944
21450
29616
7883
18243
12783
24929
29079
24192
5014
15831
2191
13122
11336
18631
17354
18904
3000
22348
3682
29530
24246
25351
853
22875
13929
13841
5650
11986
31033
24383
24149
12213
11253
8071
8077
5174
2364
23960
17855
31509
24300
14733
8744
7694
27564
22421
2940
26386
5087
7800
7327
5509
10544
10693
2961
1522
10263
25789
186
17761
16964
27908
17081
20779
29627
30855
4959
7096
644
